22  59  91  59  59
42  46  22  55  80
39  61  87  73  18
38  50  45  37  37
37  14  15  89  22
1   9   3   10  84
92  71  38  83  68
88  96  68  72  64
11  75  12  48  98
53  74  38  44  31
64  59  20  93  21
2   34  68  5   53
62  76  12  37  25
41  79  18  87  70
30  26  46  53  58
54  89  42  51  14
85  11  97  33  43
26  1   77  29  35
0   11  2   80  64
96  34  46  94  43
88  19  1   12  2
14  51  4   81  30
97  85  94  73  74
52  24  30  35  25
64  64  71  18  47
76  44  54  65  69
32  18  9   36  9
11  16  46  64  54
96  81  44  96  60
53  86  15  30  85
43  72  81  90  48
38  57  42  44  61
12  47  9   55  76
19  17  33  45  96
41  3   53  98  51
19  65  21  37  89
29  65  50  21  70
34  1   44  20  4
49  80  83  21  8
38  22  97  28  30
14  44  2   33  33
70  90  81  24  35
17  79  11  8   94
68  80  46  10  33
42  28  29  94  79
36  56  70  21  74
55  4   26  57  53
4   59  4   74  73
48  31  46  51  23
51  78  47  24  62
73  62  43  95  4
44  73  51  34  29
20  30  83  83  1
13  11  15  26  39
51  82  89  16  36
87  27  70  76  49
39  32  94  70  60
55  24  53  14  91
53  61  66  21  7
30  57  20  90  27
75  22  94  47  87
99  71  72  22  78
17  31  59  58  46
81  1   64  39  42
7   21  47  82  52
21  89  44  74  29
45  93  36  15  14
38  58  15  7   42
79  39  11  44  28
80  90  80  67  75
51  47  44  49  48
78  44  73  84  90
42  68  76  50  95
20  48  68  1   79
67  44  88  46  93
2   20  63  89  60
77  66  93  88  60
5   95  46  11  57
83  28  9   38  69
85  95  6   22  61
36  87  7   26  31
49  87  86  47  47
8   72  86  54  89
91  4   39  35  21
54  14  45  75  14
23  11  35  73  91
67  80  14  72  49
95  34  32  5   60
83  99  16  38  46
39  1   12  50  20
37  33  3   98  73
82  50  78  39  27
22  25  16  80  21
98  51  88  15  37
18  13  84  70  87
37  77  26  39  42
55  91  52  97  34
44  36  66  14  85
65  46  22  71  72
68  6   66  29  42
